2.28149145667859 1 12008070 -0.0787612
2.22316131581661 1 15986967 -0.0787612
1.94019392599549 1 22838270 -0.286039
2.3336134932952 1 39798141 -0.1312118
2.15147893446695 1 94574136 -0.180804
2.29321281791185 1 154842411 -0.2071253
2.28360312058539 1 157737260 -0.3217653
2.2067500567147 1 159922091 -0.3217653
3.08376789819094 1 204380162 -0.3951079
2.28360312058539 2 74903001 -0.3128883
2.40844259792804 2 198270095 -0.1778106
1.90961090471563 2 201887605 -0.1778106
2.22558202625616 2 238283404 -0.0747065
3.01801276671197 2 242181926 -0.0747065
2.79084778431937 3 46307385 -0.1968779
2.22558202625616 3 57543171 -0.0327446
2.33545348225578 3 65415346 -0.0327446
2.37839790149559 4 55602729 -0.3844733
2.33169046010806 5 57913631 -0.116451
2.2472772632192 5 140953667 -0.0845877
2.68947497959197 5 150444590 -0.1604257
2.41967800236469 5 176332337 -0.1624606
2.15443500559694 6 31675739 -0.5357724
2.46027514904947 6 38084394 -0.3362154
2.05481768144077 6 99856146 -0.0823892
1.89623700806615 7 77247826 -0.4198005
1.91061283858327 7 99689069 -0.3570043
2.3336134932952 7 117432208 -0.000788
2.53774271000101 7 127950856 -0.000788
2.15147893446695 8 89058952 -0.4666738
2.33598955242128 8 121282387 -0.1573484
2.49776186763395 9 101830845 -0.1847788
2.07209718141801 9 114508542 0.0592544
2.11409029257639 9 119460396 -0.4416586
2.13624066315668 9 130884728 -0.3294067
2.28360312058539 10 5789970 0.2037572
2.05481768144077 10 75675091 -0.4301329
2.06611973054676 10 112764459 -0.1390194
2.22316131581661 11 113853886 -0.3741418
1.89623700806615 12 417154 0.0191379
2.3336134932952 12 111345220 -0.3167553
2.3336134932952 14 105397093 0.058278
2.42135409890545 15 93470509 0.0482027
2.3336134932952 17 10548003 -0.1102509
2.36212801804341 17 15134314 0.1294757
2.42297071620546 17 40060994 -0.1669829
2.37482177731 18 348123 -0.1559251
2.21874223947021 19 38997575 -0.2235173
2.46289044771612 19 40771163 -0.333535
2.119358984054 20 47274698 -0.4612726
